[gd_scene load_steps=5 format=3 uid="uid://b447cbmqysnrm"]

[ext_resource type="Script" uid="uid://dwvbvc54dmp72" path="res://scripts/CursorManager.cs" id="1_jnlp7"]
[ext_resource type="Script" uid="uid://do38o0mw56huu" path="res://scripts/AeriealCamera.cs" id="2_28aoi"]
[ext_resource type="PackedScene" uid="uid://ce14q743nf1jg" path="res://interface/baseui.tscn" id="2_pyidc"]
[ext_resource type="PackedScene" uid="uid://iyckkbv564i5" path="res://maps/mapA.tscn" id="3_vvh5c"]

[node name="Root" type="Node3D"]

[node name="CursorManager" type="Node" parent="."]
script = ExtResource("1_jnlp7")

[node name="CameraAnchor" type="Node3D" parent="."]
script = ExtResource("2_28aoi")

[node name="Camera3D" type="Camera3D" parent="CameraAnchor"]
transform = Transform3D(0.707107, -0.5, 0.5, 0, 0.707107, 0.707107, -0.707107, -0.5, 0.5, 4.09009, 6.74512, 4.13074)
projection = 1
size = 10.0

[node name="DirectionalLight3D" type="DirectionalLight3D" parent="."]
transform = Transform3D(0.866025, 0.353553, -0.353553, 0, 0.707107, 0.707107, 0.5, -0.612372, 0.612372, 0, 0, 0)
light_color = Color(0.936236, 0.927146, 0.83007, 1)
light_indirect_energy = 2.0
light_volumetric_fog_energy = 2.0
light_angular_distance = 5.0
light_specular = 1.5
light_bake_mode = 1
shadow_enabled = true
directional_shadow_mode = 0

[node name="DirectionalLight3D2" type="DirectionalLight3D" parent="."]
transform = Transform3D(0.866025, 0.353554, 0.353553, 0, -0.707106, 0.707107, 0.5, -0.612373, -0.612372, 0, 0, 0)
light_color = Color(0.812142, 0.664511, 0.530085, 1)
light_energy = 0.5
light_bake_mode = 1
shadow_enabled = true
directional_shadow_mode = 0

[node name="MapA" parent="." instance=ExtResource("3_vvh5c")]

[node name="Root UI" parent="." instance=ExtResource("2_pyidc")]
